SM:2023-02-16T08:30:57.4179808Z
LM:2023-02-16T08:31:02.5130261Z
CT:image/jpeg
MA:2592000
CL:14965
