SM:2023-02-16T08:30:57.4419810Z
LM:2023-02-16T08:31:02.5135819Z
CT:image/jpeg
MA:2592000
CL:13487
