SM:2023-02-16T08:30:57.4709778Z
LM:2023-02-16T08:34:52.7529646Z
CT:image/jpeg
MA:2592000
CL:6436
