SM:2023-02-16T08:30:57.4769815Z
LM:2023-02-16T08:31:02.6098005Z
CT:image/jpeg
MA:2592000
CL:38126
