SM:2023-02-16T08:30:57.4709778Z
LM:2023-02-16T08:31:02.4961352Z
CT:image/jpeg
MA:2592000
CL:22237
