SM:2023-02-16T08:30:57.5000232Z
LM:2023-02-16T08:34:52.7524452Z
CT:image/jpeg
MA:2592000
CL:9919
