SM:2023-02-16T08:30:57.4490514Z
LM:2023-02-16T08:34:52.7522154Z
CT:image/jpeg
MA:2592000
CL:21978
