SM:2023-02-16T08:30:57.5040238Z
LM:2023-02-16T08:34:52.7523231Z
CT:image/jpeg
MA:2592000
CL:13019
