SM:2023-02-16T08:30:57.4910233Z
LM:2023-02-16T08:31:02.4962074Z
CT:image/jpeg
MA:2592000
CL:30696
