SM:2023-02-16T08:30:57.4179808Z
LM:2023-02-16T08:34:52.7522455Z
CT:image/jpeg
MA:2592000
CL:26525
