SM:2023-02-16T08:30:57.5000232Z
LM:2023-02-16T08:31:02.7084496Z
CT:image/jpeg
MA:2592000
CL:39622
