SM:2023-02-16T08:30:57.5080338Z
LM:2023-02-16T08:31:02.6859485Z
CT:image/jpeg
MA:2592000
CL:19583
