SM:2023-02-16T08:30:57.5040238Z
LM:2023-02-16T08:31:02.6615693Z
CT:image/jpeg
MA:2592000
CL:13019
