SM:2023-02-16T08:30:57.5150238Z
LM:2023-02-16T08:34:53.1015772Z
CT:image/jpeg
MA:2592000
CL:18260
