SM:2023-02-16T08:30:57.5150238Z
LM:2023-02-16T08:31:02.6592243Z
CT:image/jpeg
MA:2592000
CL:18260
