SM:2023-02-16T08:30:57.4769815Z
LM:2023-02-16T08:34:52.7522268Z
CT:image/jpeg
MA:2592000
CL:8966
