SM:2023-02-16T08:30:57.4369779Z
LM:2023-02-16T08:34:52.7763906Z
CT:image/jpeg
MA:2592000
CL:13911
