SM:2023-02-16T08:30:57.4369779Z
LM:2023-02-16T08:31:02.5143554Z
CT:image/jpeg
MA:2592000
CL:8504
