SM:2023-02-16T08:30:57.4960225Z
LM:2023-02-16T08:31:02.5991916Z
CT:image/jpeg
MA:2592000
CL:21661
