SM:2023-02-16T08:30:57.4799831Z
LM:2023-02-16T08:31:02.5987364Z
CT:image/jpeg
MA:2592000
CL:23637
