SM:2023-02-16T08:30:57.4960225Z
LM:2023-02-16T08:34:52.7523667Z
CT:image/jpeg
MA:2592000
CL:5729
