SM:2023-02-16T08:30:57.4960225Z
LM:2023-02-16T08:31:02.6245206Z
CT:image/jpeg
MA:2592000
CL:22586
