SM:2023-02-16T08:30:57.4419810Z
LM:2023-02-16T08:34:52.7524409Z
CT:image/jpeg
MA:2592000
CL:24278
